<?xml version="1.0"?>
<opencv_storage>
<data>
  <_><_>
      9.2789894104003906e+01</_>
    <_>
      7.6870613098144531e+01</_>
    <_>
      9.2291542053222656e+01</_>
    <_>
      7.9086120605468750e+01</_></_>
  <_><_>
      7.6631149291992188e+01</_>
    <_>
      9.4299339294433594e+01</_>
    <_>
      7.4533218383789063e+01</_>
    <_>
      8.1264587402343750e+01</_></_>
  <_><_>
      8.0945350646972656e+01</_>
    <_>
      9.5185722351074219e+01</_>
    <_>
      7.3712987899780273e+00</_>
    <_>
      9.8804641723632813e+01</_></_>
  <_><_>
      6.9676849365234375e+01</_>
    <_>
      9.3043380737304688e+01</_>
    <_>
      1.0343679046630859e+02</_>
    <_>
      9.7405342102050781e+01</_></_>
  <_><_>
      8.2536666870117188e+01</_>
    <_>
      2.3785934448242188e+01</_>
    <_>
      8.6546081542968750e+01</_>
    <_>
      8.6178115844726563e+01</_></_>
  <_><_>
      8.6580764770507813e+01</_>
    <_>
      6.9973587989807129e+00</_>
    <_>
      .Nan</_>
    <_>
      8.4841598510742188e+01</_></_>
  <_><_>
      8.5714157104492188e+01</_>
    <_>
      8.9020210266113281e+01</_>
    <_>
      8.8901779174804688e+01</_>
    <_>
      8.6005416870117188e+01</_></_>
  <_><_>
      .Nan</_>
    <_>
      8.2224952697753906e+01</_>
    <_>
      .Nan</_>
    <_>
      .Nan</_></_>
  <_><_>
      8.1890869140625000e+01</_>
    <_>
      9.5162246704101563e+01</_>
    <_>
      8.2646903991699219e+00</_>
    <_>
      9.4686119079589844e+01</_></_>
  <_><_>
      9.3921295166015625e+01</_>
    <_>
      8.6496894836425781e+01</_>
    <_>
      9.9403472900390625e+01</_>
    <_>
      8.5473266601562500e+01</_></_>
  <_><_>
      8.8910324096679688e+01</_>
    <_>
      8.4809684753417969e+01</_>
    <_>
      8.8731498718261719e+01</_>
    <_>
      7.0700068473815918e+00</_></_>
  <_><_>
      .Nan</_>
    <_>
      7.5916023254394531e+01</_>
    <_>
      9.0283584594726563e+01</_>
    <_>
      7.6047775268554688e+01</_></_>
  <_><_>
      7.6638893127441406e+01</_>
    <_>
      8.1777030944824219e+01</_>
    <_>
      8.1664779663085938e+01</_>
    <_>
      8.1065933227539063e+01</_></_>
  <_><_>
      .Nan</_>
    <_>
      8.2585624694824219e+01</_>
    <_>
      8.2618476867675781e+01</_>
    <_>
      8.4988815307617188e+01</_></_>
  <_><_>
      7.5166343688964844e+01</_>
    <_>
      8.3043785095214844e+01</_>
    <_>
      .Nan</_>
    <_>
      7.9317909240722656e+01</_></_>
  <_><_>
      8.2517135620117188e+01</_>
    <_>
      9.4803031921386719e+01</_>
    <_>
      8.5424194335937500e+01</_>
    <_>
      6.9629966735839844e+01</_></_>
  <_><_>
      8.3569824218750000e+01</_>
    <_>
      6.8033571243286133e+00</_>
    <_>
      .Nan</_>
    <_>
      8.6927993774414063e+01</_></_>
  <_><_>
      8.8519783020019531e+01</_>
    <_>
      8.9283920288085938e+01</_>
    <_>
      8.2052703857421875e+01</_>
    <_>
      9.2132209777832031e+01</_></_>
  <_><_>
      7.4977333068847656e+01</_>
    <_>
      8.5659500122070313e+01</_>
    <_>
      7.3461906433105469e+01</_>
    <_>
      8.1280204772949219e+01</_></_>
  <_><_>
      9.3460884094238281e+01</_>
    <_>
      8.1400955200195313e+01</_>
    <_>
      9.6485511779785156e+01</_>
    <_>
      7.8162742614746094e+01</_></_>
  <_><_>
      7.8651199340820313e+01</_>
    <_>
      8.1357460021972656e+01</_>
    <_>
      8.9068422317504883e+00</_>
    <_>
      8.5029243469238281e+01</_></_>
  <_><_>
      9.3054359436035156e+01</_>
    <_>
      7.0843529701232910e+00</_>
    <_>
      .Nan</_>
    <_>
      7.9831077575683594e+01</_></_>
  <_><_>
      8.7139358520507813e+01</_>
    <_>
      8.2438323974609375e+01</_>
    <_>
      9.2287178039550781e+01</_>
    <_>
      9.6508646011352539e+00</_></_>
  <_><_>
      .Nan</_>
    <_>
      .Nan</_>
    <_>
      .Nan</_>
    <_>
      8.1772575378417969e+01</_></_>
  <_><_>
      9.2321426391601563e+01</_>
    <_>
      8.1691040039062500e+01</_>
    <_>
      1.0277804565429688e+02</_>
    <_>
      8.2199348449707031e+01</_></_>
  <_><_>
      7.3589577674865723e+00</_>
    <_>
      8.0055923461914063e+00</_>
    <_>
      8.2894897460937500e+01</_>
    <_>
      8.6593322753906250e+01</_></_>
  <_><_>
      .Nan</_>
    <_>
      7.9432167053222656e+01</_>
    <_>
      .Nan</_>
    <_>
      .Nan</_></_>
  <_><_>
      8.0707839965820313e+01</_>
    <_>
      8.0801040649414063e+01</_>
    <_>
      8.2292869567871094e+01</_>
    <_>
      .Nan</_></_>
  <_><_>
      9.1553642272949219e+01</_>
    <_>
      7.9007225036621094e+01</_>
    <_>
      9.0328498840332031e+01</_>
    <_>
      7.7226951599121094e+01</_></_>
  <_><_>
      7.5983978271484375e+01</_>
    <_>
      9.8137329101562500e+01</_>
    <_>
      7.7652961730957031e+01</_>
    <_>
      6.4390983581542969e+00</_></_>
  <_><_>
      7.5321173667907715e+00</_>
    <_>
      1.0979587554931641e+01</_>
    <_>
      7.6878677368164063e+01</_>
    <_>
      8.0299240112304688e+01</_></_>
  <_><_>
      8.1297943115234375e+01</_>
    <_>
      4.1720333099365234e+00</_>
    <_>
      .Nan</_>
    <_>
      8.3330177307128906e+01</_></_>
  <_><_>
      7.2482624053955078e+00</_>
    <_>
      8.4543563842773438e+01</_>
    <_>
      7.7893493652343750e+01</_>
    <_>
      8.1254455566406250e+01</_></_>
  <_><_>
      .Nan</_>
    <_>
      8.2918411254882813e+01</_>
    <_>
      .Nan</_>
    <_>
      8.4801300048828125e+01</_></_>
  <_><_>
      8.7540998458862305e+00</_>
    <_>
      8.6360908508300781e+01</_>
    <_>
      8.3669082641601563e+01</_>
    <_>
      7.3840599060058594e+01</_></_>
  <_><_>
      7.9525413513183594e+01</_>
    <_>
      8.3057853698730469e+01</_>
    <_>
      8.2025955200195313e+01</_>
    <_>
      .Nan</_></_>
  <_><_>
      .Nan</_>
    <_>
      8.6519218444824219e+01</_>
    <_>
      8.9197715759277344e+01</_>
    <_>
      .Nan</_></_>
  <_><_>
      9.6510566711425781e+01</_>
    <_>
      7.8314865112304688e+01</_>
    <_>
      9.7047050476074219e+01</_>
    <_>
      8.3335510253906250e+01</_></_>
  <_><_>
      8.6696960449218750e+01</_>
    <_>
      7.9683799743652344e+01</_>
    <_>
      8.2184761047363281e+01</_>
    <_>
      6.8188400268554688e+00</_></_>
  <_><_>
      8.7340240478515625e+01</_>
    <_>
      .Nan</_>
    <_>
      8.1534812927246094e+01</_>
    <_>
      9.8995447158813477e+00</_></_>
  <_><_>
      .Nan</_>
    <_>
      7.1644966125488281e+01</_>
    <_>
      8.7058998107910156e+01</_>
    <_>
      7.5583763122558594e+01</_></_>
  <_><_>
      6.8871887207031250e+01</_>
    <_>
      1.0579476165771484e+02</_>
    <_>
      1.2049139404296875e+02</_>
    <_>
      .Nan</_></_>
  <_><_>
      9.2265350341796875e+01</_>
    <_>
      8.0781555175781250e+01</_>
    <_>
      9.6155952453613281e+01</_>
    <_>
      8.1443161010742188e+01</_></_>
  <_><_>
      1.9512396240234375e+02</_>
    <_>
      2.5838718414306641e+01</_>
    <_>
      6.5865974426269531e+00</_>
    <_>
      6.0535148620605469e+01</_></_>
  <_><_>
      7.7122970581054688e+01</_>
    <_>
      9.5370841979980469e+01</_>
    <_>
      .Nan</_>
    <_>
      8.0948585510253906e+01</_></_>
  <_><_>
      8.4142196655273438e+01</_>
    <_>
      1.0036066436767578e+02</_>
    <_>
      8.4058471679687500e+01</_>
    <_>
      7.0827937126159668e+00</_></_>
  <_><_>
      8.2780403137207031e+01</_>
    <_>
      9.5916336059570313e+01</_>
    <_>
      8.5965240478515625e+01</_>
    <_>
      .Nan</_></_>
  <_><_>
      8.6745529174804688e+01</_>
    <_>
      8.5031890869140625e+01</_>
    <_>
      8.3464324951171875e+01</_>
    <_>
      9.2777618408203125e+01</_></_>
  <_><_>
      7.5462364196777344e+01</_>
    <_>
      9.0114311218261719e+01</_>
    <_>
      7.2691612243652344e+01</_>
    <_>
      .Nan</_></_>
  <_><_>
      8.0301803588867188e+01</_>
    <_>
      9.5902526855468750e+01</_>
    <_>
      8.0714775085449219e+01</_>
    <_>
      1.5588194131851196e+00</_></_>
