<?xml version="1.0"?>
<opencv_storage>
<data>
  <_></_>
  <_></_>
  <_></_>
  <_></_>
  <_><_>
      3.2972912597656250e+02 2.8401531982421875e+02</_>
    <_>
      -3.1004644775390625e+02 3.1996282958984375e+02</_>
    <_>
      -3.1753414916992188e+02 -3.0802120971679688e+02</_>
    <_>
      3.0007839965820313e+02 -2.9615866088867188e+02</_></_>
  <_><_>
      2.9672332763671875e+02 3.2023004150390625e+02</_>
    <_>
      -3.0751083374023438e+02 3.1139376831054688e+02</_>
    <_>
      -3.1323880004882813e+02 -3.0877410888671875e+02</_>
    <_>
      3.2324844360351563e+02 -3.2013034057617188e+02</_></_>
  <_><_>
      3.1644308471679688e+02 3.1301721191406250e+02</_>
    <_>
      -2.9568292236328125e+02 3.3665502929687500e+02</_>
    <_>
      -3.0385311889648438e+02 -3.1743231201171875e+02</_>
    <_>
      2.8894613647460938e+02 -3.3389538574218750e+02</_></_>
  <_><_>
      3.0779818725585938e+02 3.0404980468750000e+02</_>
    <_>
      -2.9986523437500000e+02 3.1802020263671875e+02</_>
    <_>
      -3.0603713989257813e+02 -2.9831405639648438e+02</_>
    <_>
      2.9957171630859375e+02 -3.1897616577148438e+02</_></_>
  <_><_>
      3.1466314697265625e+02 2.9378070068359375e+02</_>
    <_>
      -3.1655252075195313e+02 3.1086251831054688e+02</_>
    <_>
      -3.1644317626953125e+02 -2.9469259643554688e+02</_>
    <_>
      3.2141476440429688e+02 -3.0500088500976563e+02</_></_>
  <_><_>
      3.1231695556640625e+02 3.4132553100585938e+02</_>
    <_>
      -3.1809710693359375e+02 3.3054989624023438e+02</_>
    <_>
      -3.1449725341796875e+02 -3.3459899902343750e+02</_>
    <_>
      3.1243374633789063e+02 -3.4472473144531250e+02</_></_>
  <_><_>
      3.1108822631835938e+02 3.1616470336914063e+02</_>
    <_>
      -3.0622869873046875e+02 3.0313360595703125e+02</_>
    <_>
      -3.0634524536132813e+02 -3.3173724365234375e+02</_>
    <_>
      3.0004177856445313e+02 -3.1086160278320313e+02</_></_>
  <_><_>
      3.1694219970703125e+02 3.1067126464843750e+02</_>
    <_>
      -3.2036526489257813e+02 3.1868179321289063e+02</_>
    <_>
      -3.2730960083007813e+02 -3.2418115234375000e+02</_>
    <_>
      3.2878265380859375e+02 -3.0626617431640625e+02</_></_>
  <_><_>
      2.9880026245117188e+02 3.2134622192382813e+02</_>
    <_>
      -3.0680636596679688e+02 3.1481875610351563e+02</_>
    <_>
      -3.0292654418945313e+02 -3.1722628784179688e+02</_>
    <_>
      3.0947610473632813e+02 -3.1724206542968750e+02</_></_>
  <_><_>
      3.1939788818359375e+02 3.1141128540039063e+02</_>
    <_>
      -2.9373138427734375e+02 3.1547085571289063e+02</_>
    <_>
      -3.0364837646484375e+02 -2.9601800537109375e+02</_>
    <_>
      2.8260482788085938e+02 -3.2532983398437500e+02</_></_>
  <_><_>
      3.2391024780273438e+02 3.1745101928710938e+02</_>
    <_>
      -3.0611807250976563e+02 3.2987380981445313e+02</_>
    <_>
      -3.1843295288085938e+02 -3.1545117187500000e+02</_>
    <_>
      3.0237951660156250e+02 -3.2813510131835938e+02</_></_>
  <_><_>
      3.2475979614257813e+02 3.2422845458984375e+02</_>
    <_>
      -3.1555084228515625e+02 3.1281408691406250e+02</_>
    <_>
      -3.2482699584960938e+02 -3.1975680541992188e+02</_>
    <_>
      3.1067910766601563e+02 -3.1601818847656250e+02</_></_>
  <_><_>
      332. 311.</_>
    <_>
      -3.1220001220703125e+02 3.1539999389648438e+02</_>
    <_>
      -3.1779998779296875e+02 -3.1539999389648438e+02</_>
    <_>
      3.0439999389648438e+02 -3.2079998779296875e+02</_></_>
  <_><_>
      3.2672982788085938e+02 3.0417202758789063e+02</_>
    <_>
      -3.0711355590820313e+02 3.1929025268554688e+02</_>
    <_>
      -3.1487796020507813e+02 -2.9595416259765625e+02</_>
    <_>
      2.9450485229492188e+02 -3.2398287963867188e+02</_></_>
  <_><_>
      3.2675039672851563e+02 3.2124627685546875e+02</_>
    <_>
      -3.1859249877929688e+02 3.1869079589843750e+02</_>
    <_>
      -3.2578390502929688e+02 -3.0157229614257813e+02</_>
    <_>
      3.1896109008789063e+02 -3.4015853881835938e+02</_></_>
  <_><_>
      3.2494360351562500e+02 3.2420617675781250e+02</_>
    <_>
      -3.4391598510742188e+02 2.9698788452148438e+02</_>
    <_>
      -3.1321157836914063e+02 -3.0543493652343750e+02</_>
    <_>
      3.2400506591796875e+02 -3.1213894653320313e+02</_></_>
  <_><_>
      3.2190429687500000e+02 3.3615863037109375e+02</_>
    <_>
      -3.1338159179687500e+02 3.1813516235351563e+02</_>
    <_>
      -3.2512057495117188e+02 -3.2587976074218750e+02</_>
    <_>
      3.1774926757812500e+02 -3.2649719238281250e+02</_></_>
  <_><_>
      3.2563473510742188e+02 3.1017739868164063e+02</_>
    <_>
      -3.1363827514648438e+02 3.0671325683593750e+02</_>
    <_>
      -3.2485375976562500e+02 -3.1919903564453125e+02</_>
    <_>
      3.1590502929687500e+02 -2.9576513671875000e+02</_></_>
  <_><_>
      3.2328390502929688e+02 3.1839050292968750e+02</_>
    <_>
      -3.2451153564453125e+02 3.2722509765625000e+02</_>
    <_>
      -3.1397320556640625e+02 -3.1687036132812500e+02</_>
    <_>
      3.1454113769531250e+02 -3.2799371337890625e+02</_></_>
  <_><_>
      3.1055627441406250e+02 2.9404046630859375e+02</_>
    <_>
      -3.1324075317382813e+02 2.9654382324218750e+02</_>
    <_>
      -3.1197146606445313e+02 -2.7996929931640625e+02</_>
    <_>
      3.1586651611328125e+02 -3.1134603881835938e+02</_></_>
  <_><_>
      3.1688796997070313e+02 3.2047933959960938e+02</_>
    <_>
      -3.1799401855468750e+02 3.0545016479492188e+02</_>
    <_>
      -3.2823468017578125e+02 -3.1936029052734375e+02</_>
    <_>
      3.2444808959960938e+02 -3.0256146240234375e+02</_></_>
  <_><_>
      3.1310104370117188e+02 3.1024624633789063e+02</_>
    <_>
      -3.1341152954101563e+02 3.0361523437500000e+02</_>
    <_>
      -3.1797320556640625e+02 -3.1726495361328125e+02</_>
    <_>
      3.1771472167968750e+02 -2.9577413940429688e+02</_></_>
  <_><_>
      3.1379150390625000e+02 2.9921881103515625e+02</_>
    <_>
      -3.1825357055664063e+02 2.8610253906250000e+02</_>
    <_>
      -3.1922851562500000e+02 -2.9262802124023438e+02</_>
    <_>
      3.2369061279296875e+02 -2.9269335937500000e+02</_></_>
  <_><_>
      3.1689093017578125e+02 3.1980639648437500e+02</_>
    <_>
      -3.0834667968750000e+02 3.2224575805664063e+02</_>
    <_>
      -3.2113208007812500e+02 -3.1969390869140625e+02</_>
    <_>
      3.1586529541015625e+02 -3.0546868896484375e+02</_></_>
  <_><_>
      3.1045553588867188e+02 3.3030038452148438e+02</_>
    <_>
      -3.2548724365234375e+02 3.2153857421875000e+02</_>
    <_>
      -2.8323944091796875e+02 -3.4284167480468750e+02</_>
    <_>
      2.9959249877929688e+02 -3.2797766113281250e+02</_></_>
  <_><_>
      3.1228497314453125e+02 3.2100949096679688e+02</_>
    <_>
      -3.1664724731445313e+02 3.1129974365234375e+02</_>
    <_>
      -3.1491595458984375e+02 -3.1032876586914063e+02</_>
    <_>
      3.2002426147460938e+02 -3.1664724731445313e+02</_></_>
  <_><_>
      3.2180294799804688e+02 3.0490139770507813e+02</_>
    <_>
      -3.0056039428710938e+02 3.1366931152343750e+02</_>
    <_>
      -3.1035244750976563e+02 -2.9756066894531250e+02</_>
    <_>
      2.9242678833007813e+02 -3.1801034545898438e+02</_></_>
  <_><_>
      3.3173724365234375e+02 3.1289358520507813e+02</_>
    <_>
      -3.2137710571289063e+02 3.3191076660156250e+02</_>
    <_>
      -3.3009197998046875e+02 -3.0161117553710938e+02</_>
    <_>
      3.1217218017578125e+02 -3.3242974853515625e+02</_></_>
  <_><_>
      3.0182336425781250e+02 3.0163330078125000e+02</_>
    <_>
      -3.1882986450195313e+02 2.9452420043945313e+02</_>
    <_>
      -2.9947631835937500e+02 -2.9976480102539063e+02</_>
    <_>
      3.0570462036132813e+02 -2.9730404663085938e+02</_></_>
  <_><_>
      2.9893011474609375e+02 3.2577719116210938e+02</_>
    <_>
      -2.9903509521484375e+02 3.2738815307617188e+02</_>
    <_>
      -3.0649908447265625e+02 -3.1831323242187500e+02</_>
    <_>
      3.0256573486328125e+02 -3.1858276367187500e+02</_></_>
